# Observation File: observation_flux.dat column names:
# -----------------------------------------------------------------------------
# Observation Name: time [d]
# -----------------------------------------------------------------------------
# Observation Name: water flux [mol]
# Region: observation region
# Reduction: extensive integral
# Variable: water_flux
# Number of Vectors: 1
# =============================================================================
"time [d]","water flux [mol]"
0.000000000000e+00,1.618265183781e-05
1.157407407407e-05,1.475712403867e-15
2.314814814815e-05,1.475712404035e-15
3.472222222222e-05,1.475712403867e-15
4.918981481481e-05,1.475712403867e-15
6.727430555556e-05,1.475712403868e-15
9.553132233796e-05,1.475712403868e-15
1.507208082411e-04,1.475712404037e-15
2.854607640593e-04,1.475712404365e-15
6.966544768834e-04,1.475712405693e-15
1.107848189708e-03,1.475712406853e-15
1.621840330738e-03,1.475712408348e-15
2.264330507025e-03,1.475712410171e-15
3.268221407475e-03,1.475712413156e-15
5.228945822415e-03,1.475712418964e-15
8.819139453288e-03,1.475712429746e-15
1.240933308416e-02,1.475712440530e-15
1.599952671503e-02,1.475712451143e-15
1.958972034591e-02,1.475712461759e-15
2.407746238450e-02,1.475712475030e-15
2.968713993273e-02,1.475712491785e-15
3.845226110186e-02,1.475712518002e-15
4.808191082379e-02,1.475712546699e-15
5.771156054573e-02,1.475712575395e-15
6.734121026767e-02,1.475712604101e-15
7.697085998960e-02,1.475712632798e-15
8.660050971154e-02,1.475712661494e-15
9.623015943347e-02,1.475712690200e-15
1.082672215859e-01,1.475712726030e-15
1.203042837383e-01,1.475712761870e-15
1.323413458907e-01,1.475712797700e-15
1.443784080432e-01,1.475712833528e-15
1.564154701956e-01,1.475712869358e-15
1.684525323480e-01,1.475712905194e-15
1.804895945004e-01,1.475712941025e-15
1.925266566528e-01,1.475712976861e-15
2.045637188053e-01,1.475713012691e-15
2.166007809577e-01,1.475713048530e-15
2.286378431101e-01,1.475713084361e-15
2.406749052625e-01,1.475713120200e-15
2.527119674149e-01,1.475713155863e-15
2.647490295674e-01,1.475713191858e-15
2.767860917198e-01,1.475713227854e-15
2.888231538722e-01,1.475713263520e-15
3.008602160246e-01,1.475713299191e-15
3.128972781770e-01,1.475713335021e-15
3.249343403295e-01,1.475713370857e-15
3.369714024819e-01,1.475713406688e-15
3.490084646343e-01,1.475713442527e-15
3.610455267867e-01,1.475713478354e-15
3.730825889391e-01,1.475713514358e-15
3.851196510916e-01,1.475713550189e-15
3.971567132440e-01,1.475713586020e-15
4.091937753964e-01,1.475713622015e-15
4.212308375488e-01,1.475713657854e-15
4.332678997012e-01,1.475713693682e-15
4.453049618537e-01,1.475713729521e-15
4.573420240061e-01,1.475713765352e-15
4.693790861585e-01,1.475713801188e-15
4.814161483109e-01,1.475713837183e-15
4.934532104633e-01,1.475713873022e-15
5.054902726158e-01,1.475713909018e-15
5.175273347682e-01,1.475713944848e-15
5.295643969206e-01,1.475713980679e-15
5.416014590730e-01,1.475714016671e-15
5.536385212254e-01,1.475714052346e-15
5.656755833779e-01,1.475714088173e-15
5.777126455303e-01,1.475714123847e-15
5.897497076827e-01,1.475714159513e-15
6.017867698351e-01,1.475714195514e-15
6.138238319875e-01,1.475714231345e-15
6.258608941400e-01,1.475714267181e-15
6.378979562924e-01,1.475714303179e-15
6.499350184448e-01,1.475714338842e-15
6.619720805972e-01,1.475714374673e-15
6.740091427496e-01,1.475714410344e-15
6.860462049021e-01,1.475714446006e-15
6.980832670545e-01,1.475714481845e-15
7.101203292069e-01,1.475714517508e-15
7.221573913593e-01,1.475714553347e-15
7.341944535117e-01,1.475714589178e-15
7.462315156642e-01,1.475714625008e-15
7.582685778166e-01,1.475714660844e-15
7.703056399690e-01,1.475714696675e-15
7.823427021214e-01,1.475714732506e-15
7.943797642738e-01,1.475714768336e-15
8.064168264263e-01,1.475714804172e-15
8.184538885787e-01,1.475714840003e-15
8.304909507311e-01,1.475714875842e-15
8.425280128835e-01,1.475714911673e-15
8.545650750360e-01,1.475714947509e-15
8.666021371884e-01,1.475714983339e-15
8.786391993408e-01,1.475715019175e-15
8.906762614932e-01,1.475715055006e-15
9.027133236456e-01,1.475715090836e-15
9.147503857981e-01,1.475715126499e-15
9.267874479505e-01,1.475715162338e-15
9.388245101029e-01,1.475715198165e-15
9.508615722553e-01,1.475715234173e-15
9.628986344077e-01,1.475715270003e-15
9.749356965602e-01,1.475715305839e-15
9.869727587126e-01,1.475715341670e-15
9.934863793563e-01,1.475715361079e-15
1.000000000000e+00,1.475715380650e-15
1.012037062152e+00,1.475715416490e-15
1.024074124305e+00,1.475715452485e-15
1.036111186457e+00,1.475715488316e-15
1.048148248610e+00,1.475715524146e-15
1.060185310762e+00,1.475715559982e-15
1.072222372915e+00,1.475715595813e-15
1.084259435067e+00,1.475715631817e-15
1.096296497219e+00,1.475715667645e-15
1.108333559372e+00,1.475715703484e-15
1.120370621524e+00,1.475715739479e-15
1.132407683677e+00,1.475715775318e-15
1.144444745829e+00,1.475715811314e-15
1.156481807981e+00,1.475715846977e-15
1.168518870134e+00,1.475715882807e-15
1.180555932286e+00,1.475715918643e-15
1.192592994439e+00,1.475715954474e-15
1.204630056591e+00,1.475715990313e-15
1.216667118744e+00,1.475716025975e-15
1.228704180896e+00,1.475716061815e-15
1.240741243048e+00,1.475716097645e-15
1.252778305201e+00,1.475716133641e-15
1.264815367353e+00,1.475716169480e-15
1.276852429506e+00,1.475716205311e-15
1.288889491658e+00,1.475716241303e-15
1.300926553811e+00,1.475716277133e-15
1.312963615963e+00,1.475716312805e-15
1.325000678115e+00,1.475716348635e-15
1.337037740268e+00,1.475716384471e-15
1.349074802420e+00,1.475716420470e-15
1.361111864573e+00,1.475716456306e-15
1.373148926725e+00,1.475716492137e-15
1.385185988877e+00,1.475716527976e-15
1.397223051030e+00,1.475716563806e-15
1.409260113182e+00,1.475716599637e-15
1.421297175335e+00,1.475716635464e-15
1.433334237487e+00,1.475716671303e-15
1.445371299640e+00,1.475716706966e-15
1.457408361792e+00,1.475716742805e-15
1.469445423944e+00,1.475716778636e-15
1.481482486097e+00,1.475716814463e-15
1.493519548249e+00,1.475716850303e-15
1.505556610402e+00,1.475716886130e-15
1.517593672554e+00,1.475716921969e-15
1.529630734706e+00,1.475716957632e-15
1.541667796859e+00,1.475716993462e-15
1.553704859011e+00,1.475717029293e-15
1.565741921164e+00,1.475717065132e-15
1.577778983316e+00,1.475717100960e-15
1.589816045469e+00,1.475717136799e-15
1.601853107621e+00,1.475717172461e-15
1.613890169773e+00,1.475717208300e-15
1.625927231926e+00,1.475717244131e-15
1.637964294078e+00,1.475717279970e-15
1.650001356231e+00,1.475717315798e-15
1.662038418383e+00,1.475717351628e-15
1.674075480536e+00,1.475717387459e-15
1.686112542688e+00,1.475717423298e-15
1.698149604840e+00,1.475717459129e-15
1.710186666993e+00,1.475717494956e-15
1.722223729145e+00,1.475717530795e-15
1.734260791298e+00,1.475717566788e-15
1.746297853450e+00,1.475717602627e-15
1.758334915602e+00,1.475717638289e-15
1.770371977755e+00,1.475717674297e-15
1.782409039907e+00,1.475717710127e-15
1.794446102060e+00,1.475717745955e-15
1.806483164212e+00,1.475717781785e-15
1.818520226365e+00,1.475717817625e-15
1.830557288517e+00,1.475717853455e-15
1.842594350669e+00,1.475717889291e-15
1.854631412822e+00,1.475717925119e-15
1.866668474974e+00,1.475717960958e-15
1.878705537127e+00,1.475717996788e-15
1.890742599279e+00,1.475718032628e-15
1.902779661432e+00,1.475718068623e-15
1.914816723584e+00,1.475718104454e-15
1.926853785736e+00,1.475718140281e-15
1.938890847889e+00,1.475718176120e-15
1.950927910041e+00,1.475718211951e-15
1.962964972194e+00,1.475718247614e-15
1.975002034346e+00,1.475718282787e-15
1.987039096498e+00,1.475718316796e-15
1.993519548249e+00,1.475718334549e-15
2.000000000000e+00,1.475718351305e-15
2.012037062152e+00,1.475718372702e-15
2.024074124305e+00,1.475718362426e-15
2.036111186457e+00,1.475718242333e-15
2.048148248610e+00,1.475717691464e-15
2.060185310762e+00,1.475715796997e-15
2.072222372915e+00,1.475708750784e-15
2.084259435067e+00,1.475682670513e-15
2.096296497219e+00,1.475591327704e-15
2.108333559372e+00,1.475293239008e-15
2.120370621524e+00,1.474386159873e-15
2.132407683677e+00,1.471780470806e-15
2.144444745829e+00,1.464527301814e-15
2.156481807981e+00,1.444095580291e-15
2.168518870134e+00,1.382600485997e-15
2.180555932286e+00,1.177063488631e-15
2.192592994439e+00,3.953438786180e-16
2.204630056591e+00,-1.977572947679e-15
2.216667118744e+00,-1.084629861896e-14
2.228704180896e+00,-4.330989351086e-14
2.240741243048e+00,-1.540773805690e-13
2.252778305201e+00,-5.040658095059e-13
2.264815367353e+00,-1.532700070917e-12
2.276852429506e+00,-4.389771834332e-12
2.288889491658e+00,-1.213183720061e-11
2.300926553811e+00,-3.367489020333e-11
2.312963615963e+00,-9.892379361424e-11
2.325000678115e+00,-3.206890134817e-10
2.337037740268e+00,-1.148330065557e-09
2.349074802420e+00,-4.354007599875e-09
2.361111864573e+00,-1.652748859324e-08
2.373148926725e+00,-6.012591337007e-08
2.385185988877e+00,-2.044908615161e-07
2.397223051030e+00,-6.433173754580e-07
2.409260113182e+00,-1.867070630223e-06
2.421297175335e+00,-5.002214272768e-06
2.436343503025e+00,-1.566381707508e-05
2.451389830716e+00,-4.258952900677e-05
2.466436158406e+00,-1.004849256111e-04
2.481482486097e+00,-2.069848965811e-04
2.496528813787e+00,-3.798898864736e-04
2.511575141478e+00,-6.372459385180e-04
2.526621469168e+00,-9.971729279012e-04
2.541667796859e+00,-1.475754631157e-03
2.556714124549e+00,-2.084454156886e-03
2.571760452240e+00,-2.828314643639e-03
2.586806779930e+00,-3.705420153315e-03
2.601853107621e+00,-4.707575644045e-03
2.616899435312e+00,-5.821680493411e-03
2.631945763002e+00,-7.031198128183e-03
2.646992090693e+00,-8.317693459705e-03
2.662038418383e+00,-9.662471345927e-03
2.677084746074e+00,-1.104793315399e-02
2.692131073764e+00,-1.245837425352e-02
2.707177401455e+00,-1.388025696986e-02
2.722223729145e+00,-1.530213332109e-02
2.737270056836e+00,-1.671440444156e-02
2.752316384526e+00,-1.810905351745e-02
2.767362712217e+00,-1.947940419293e-02
2.782409039907e+00,-2.081990877801e-02
2.797455367598e+00,-2.212599306174e-02
2.812501695288e+00,-2.339397647931e-02
2.827548022979e+00,-2.462103809827e-02
2.842594350669e+00,-2.580518314190e-02
2.857640678360e+00,-2.694518184350e-02
2.872687006050e+00,-2.804047539544e-02
2.887733333741e+00,-2.909106027552e-02
2.902779661432e+00,-3.009736791424e-02
2.917825989122e+00,-3.106015182107e-02
2.932872316813e+00,-3.198038868620e-02
2.947918644503e+00,-3.285920011772e-02
2.962964972194e+00,-3.369779957330e-02
2.978011299884e+00,-3.449746226932e-02
2.993057627575e+00,-3.525951048536e-02
3.000000000000e+00,-3.560466903073e-02
3.015046327691e+00,-3.631413618712e-02
3.030092655381e+00,-3.698930043388e-02
3.045138983072e+00,-3.763160747576e-02
3.060185310762e+00,-3.824250032662e-02
3.075231638453e+00,-3.882340318186e-02
3.090277966143e+00,-3.937570693435e-02
3.105324293834e+00,-3.990075778443e-02
3.120370621524e+00,-4.039985013835e-02
3.135416949215e+00,-4.087422391752e-02
3.150463276905e+00,-4.132506532132e-02
3.165509604596e+00,-4.175350953485e-02
3.180555932286e+00,-4.216064394339e-02
3.195602259977e+00,-4.254751088701e-02
3.210648587667e+00,-4.291510950911e-02
3.225694915358e+00,-4.326439663425e-02
3.240741243048e+00,-4.359628691404e-02
3.255787570739e+00,-4.391165270390e-02
3.270833898429e+00,-4.421132417405e-02
3.285880226120e+00,-4.449609000111e-02
3.300926553811e+00,-4.476669873247e-02
3.315972881501e+00,-4.502386068983e-02
3.331019209192e+00,-4.526825015821e-02
3.346065536882e+00,-4.550050760134e-02
3.361111864573e+00,-4.572124170527e-02
3.376158192263e+00,-4.593103113587e-02
3.391204519954e+00,-4.613042598601e-02
3.406250847644e+00,-4.631994897222e-02
3.421297175335e+00,-4.650009649039e-02
3.436343503025e+00,-4.667133964411e-02
3.451389830716e+00,-4.683412532277e-02
3.466436158406e+00,-4.698887735546e-02
3.481482486097e+00,-4.713599772137e-02
3.496528813787e+00,-4.727586777276e-02
3.511575141478e+00,-4.740884942092e-02
3.526621469168e+00,-4.753528624351e-02
3.541667796859e+00,-4.765550448938e-02
3.556714124549e+00,-4.776981397824e-02
3.571760452240e+00,-4.787850891134e-02
3.586806779930e+00,-4.798186861931e-02
3.601853107621e+00,-4.808015827337e-02
3.616899435312e+00,-4.817362957776e-02
3.631945763002e+00,-4.826252145135e-02
3.646992090693e+00,-4.834706069663e-02
3.662038418383e+00,-4.842746264879e-02
3.677084746074e+00,-4.850393179551e-02
3.692131073764e+00,-4.857666235973e-02
3.707177401455e+00,-4.864583884114e-02
3.722223729145e+00,-4.871163651739e-02
3.737270056836e+00,-4.877422190950e-02
3.752316384526e+00,-4.883375321824e-02
3.767362712217e+00,-4.889038073772e-02
3.782409039907e+00,-4.894424725094e-02
3.797455367598e+00,-4.899548840988e-02
3.812501695288e+00,-4.904423310055e-02
3.827548022979e+00,-4.909060379218e-02
3.842594350669e+00,-4.913471686903e-02
3.857640678360e+00,-4.917668294398e-02
3.872687006050e+00,-4.921660715335e-02
3.887733333741e+00,-4.925458943394e-02
3.902779661432e+00,-4.929072478364e-02
3.917825989122e+00,-4.932510350754e-02
3.932872316813e+00,-4.935781145137e-02
3.947918644503e+00,-4.938893022365e-02
3.962964972194e+00,-4.941853740747e-02
3.978011299884e+00,-4.944670676250e-02
3.993057627575e+00,-4.947350841728e-02
4.000000000000e+00,-4.948558890871e-02
4.015046327691e+00,-4.951050319427e-02
4.030092655381e+00,-4.953420847754e-02
4.045138983072e+00,-4.955676365819e-02
4.060185310762e+00,-4.957822474395e-02
4.075231638453e+00,-4.959864499321e-02
4.090277966143e+00,-4.961807505107e-02
4.105324293834e+00,-4.963656307906e-02
4.120370621524e+00,-4.965415487889e-02
4.135416949215e+00,-4.967089401016e-02
4.150463276905e+00,-4.968682190234e-02
4.165509604596e+00,-4.970197796102e-02
4.180555932286e+00,-4.971639966861e-02
4.195602259977e+00,-4.973012267976e-02
4.210648587667e+00,-4.974318091162e-02
4.225694915358e+00,-4.975560662942e-02
4.240741243048e+00,-4.976743052754e-02
4.255787570739e+00,-4.977868180642e-02
4.270833898429e+00,-4.978938824564e-02
4.285880226120e+00,-4.979957627334e-02
4.300926553811e+00,-4.980927103222e-02
4.315972881501e+00,-4.981849644242e-02
4.331019209192e+00,-4.982727526112e-02
4.346065536882e+00,-4.983562913942e-02
4.361111864573e+00,-4.984357867623e-02
4.376158192263e+00,-4.985114346965e-02
4.391204519954e+00,-4.985834216572e-02
4.406250847644e+00,-4.986519250478e-02
4.421297175335e+00,-4.987171136561e-02
4.436343503025e+00,-4.987791480737e-02
4.451389830716e+00,-4.988381810953e-02
4.466436158406e+00,-4.988943580981e-02
4.481482486097e+00,-4.989478174036e-02
4.496528813787e+00,-4.989986906207e-02
4.511575141478e+00,-4.990471029728e-02
4.526621469168e+00,-4.990931736088e-02
4.541667796859e+00,-4.991370158987e-02
4.556714124549e+00,-4.991787377145e-02
4.571760452240e+00,-4.992184416979e-02
4.586806779930e+00,-4.992562255143e-02
4.601853107621e+00,-4.992921820951e-02
4.616899435312e+00,-4.993263998674e-02
4.631945763002e+00,-4.993589629731e-02
4.646992090693e+00,-4.993899514770e-02
4.662038418383e+00,-4.994194415650e-02
4.677084746074e+00,-4.994475057322e-02
4.692131073764e+00,-4.994742129626e-02
4.707177401455e+00,-4.994996288988e-02
4.722223729145e+00,-4.995238160052e-02
4.737270056836e+00,-4.995468337212e-02
4.752316384526e+00,-4.995687386086e-02
4.767362712217e+00,-4.995895844909e-02
4.782409039907e+00,-4.996094225861e-02
4.797455367598e+00,-4.996283016331e-02
4.812501695288e+00,-4.996462680121e-02
4.827548022979e+00,-4.996633658584e-02
4.842594350669e+00,-4.996796371716e-02
4.857640678360e+00,-4.996951219191e-02
4.872687006050e+00,-4.997098581344e-02
4.887733333741e+00,-4.997238820108e-02
4.902779661432e+00,-4.997372279908e-02
4.917825989122e+00,-4.997499288505e-02
4.932872316813e+00,-4.997620157806e-02
4.947918644503e+00,-4.997735184630e-02
4.962964972194e+00,-4.997844651438e-02
4.978011299884e+00,-4.997948827034e-02
4.993057627575e+00,-4.998047967215e-02
5.000000000000e+00,-4.998092662832e-02
5.015046327691e+00,-4.998184850641e-02
5.030092655381e+00,-4.998272582559e-02
5.045138983072e+00,-4.998356073988e-02
5.060185310762e+00,-4.998435529916e-02
5.075231638453e+00,-4.998511145421e-02
5.090277966143e+00,-4.998583106145e-02
5.105324293834e+00,-4.998651588756e-02
5.120370621524e+00,-4.998716761382e-02
5.135416949215e+00,-4.998778784018e-02
5.150463276905e+00,-4.998837808926e-02
5.165509604596e+00,-4.998893981009e-02
5.180555932286e+00,-4.998947438159e-02
5.195602259977e+00,-4.998998311607e-02
5.210648587667e+00,-4.999046726235e-02
5.225694915358e+00,-4.999092800892e-02
5.240741243048e+00,-4.999136648677e-02
5.255787570739e+00,-4.999178377224e-02
5.270833898429e+00,-4.999218088964e-02
5.285880226120e+00,-4.999255881374e-02
5.300926553811e+00,-4.999291847220e-02
5.315972881501e+00,-4.999326074784e-02
5.331019209192e+00,-4.999358648081e-02
5.346065536882e+00,-4.999389647062e-02
5.361111864573e+00,-4.999419147817e-02
5.376158192263e+00,-4.999447222757e-02
5.391204519954e+00,-4.999473940790e-02
5.406250847644e+00,-4.999499367498e-02
5.421297175335e+00,-4.999523565290e-02
5.436343503025e+00,-4.999546593560e-02
5.451389830716e+00,-4.999568508830e-02
5.466436158406e+00,-4.999589364893e-02
5.481482486097e+00,-4.999609212940e-02
5.496528813787e+00,-4.999628101687e-02
5.511575141478e+00,-4.999646077498e-02
5.526621469168e+00,-4.999663184496e-02
5.541667796859e+00,-4.999679464669e-02
5.556714124549e+00,-4.999694957978e-02
5.571760452240e+00,-4.999709702454e-02
5.586806779930e+00,-4.999723734287e-02
5.601853107621e+00,-4.999737087920e-02
5.616899435312e+00,-4.999749796130e-02
5.631945763002e+00,-4.999761890111e-02
5.646992090693e+00,-4.999773399550e-02
5.662038418383e+00,-4.999784352698e-02
5.677084746074e+00,-4.999794776441e-02
5.692131073764e+00,-4.999804696365e-02
5.707177401455e+00,-4.999814136822e-02
5.722223729145e+00,-4.999823120985e-02
5.737270056836e+00,-4.999831670907e-02
5.752316384526e+00,-4.999839807575e-02
5.767362712217e+00,-4.999847550963e-02
5.782409039907e+00,-4.999854920079e-02
5.797455367598e+00,-4.999861933012e-02
5.812501695288e+00,-4.999868606977e-02
5.827548022979e+00,-4.999874958358e-02
5.842594350669e+00,-4.999881002745e-02
5.857640678360e+00,-4.999886754977e-02
5.872687006050e+00,-4.999892229174e-02
5.887733333741e+00,-4.999897438774e-02
5.902779661432e+00,-4.999902396565e-02
5.917825989122e+00,-4.999907114719e-02
5.932872316813e+00,-4.999911604818e-02
5.947918644503e+00,-4.999915877883e-02
5.962964972194e+00,-4.999919944406e-02
5.978011299884e+00,-4.999923814369e-02
5.993057627575e+00,-4.999927497273e-02
6.000000000000e+00,-4.999929157652e-02
6.015046327691e+00,-4.999932582280e-02
6.030092655381e+00,-4.999935841373e-02
6.045138983072e+00,-4.999938942931e-02
6.060185310762e+00,-4.999941894570e-02
6.075231638453e+00,-4.999944703535e-02
6.090277966143e+00,-4.999947376721e-02
6.105324293834e+00,-4.999949920693e-02
6.120370621524e+00,-4.999952341695e-02
6.135416949215e+00,-4.999954645671e-02
6.150463276905e+00,-4.999956838276e-02
6.165509604596e+00,-4.999958924895e-02
6.180555932286e+00,-4.999960910651e-02
6.195602259977e+00,-4.999962800417e-02
6.210648587667e+00,-4.999964598834e-02
6.225694915358e+00,-4.999966310317e-02
6.240741243048e+00,-4.999967939068e-02
6.255787570739e+00,-4.999969489087e-02
6.270833898429e+00,-4.999970964177e-02
6.285880226120e+00,-4.999972367962e-02
6.300926553811e+00,-4.999973703888e-02
6.315972881501e+00,-4.999974975234e-02
6.331019209192e+00,-4.999976185123e-02
6.346065536882e+00,-4.999977336524e-02
6.361111864573e+00,-4.999978432266e-02
6.376158192263e+00,-4.999979475037e-02
6.391204519954e+00,-4.999980467400e-02
6.406250847644e+00,-4.999981411789e-02
6.421297175335e+00,-4.999982310525e-02
6.436343503025e+00,-4.999983165814e-02
6.451389830716e+00,-4.999983979755e-02
6.466436158406e+00,-4.999984754349e-02
6.481482486097e+00,-4.999985491495e-02
6.496528813787e+00,-4.999986193006e-02
6.511575141478e+00,-4.999986860603e-02
6.526621469168e+00,-4.999987495925e-02
6.541667796859e+00,-4.999988100533e-02
6.556714124549e+00,-4.999988675911e-02
6.571760452240e+00,-4.999989223473e-02
6.586806779930e+00,-4.999989744562e-02
6.601853107621e+00,-4.999990240459e-02
6.616899435312e+00,-4.999990712381e-02
6.631945763002e+00,-4.999991161488e-02
6.646992090693e+00,-4.999991588882e-02
6.662038418383e+00,-4.999991995612e-02
6.677084746074e+00,-4.999992382678e-02
6.692131073764e+00,-4.999992751030e-02
6.707177401455e+00,-4.999993101573e-02
6.722223729145e+00,-4.999993435168e-02
6.737270056836e+00,-4.999993752634e-02
6.752316384526e+00,-4.999994054751e-02
6.767362712217e+00,-4.999994342260e-02
6.782409039907e+00,-4.999994615868e-02
6.797455367598e+00,-4.999994876247e-02
6.812501695288e+00,-4.999995124037e-02
6.827548022979e+00,-4.999995359846e-02
6.842594350669e+00,-4.999995584253e-02
6.857640678360e+00,-4.999995797809e-02
6.872687006050e+00,-4.999996001039e-02
6.891494915664e+00,-4.999996239906e-02
6.910302825277e+00,-4.999996464508e-02
6.929110734890e+00,-4.999996675697e-02
6.947918644503e+00,-4.999996874273e-02
6.966726554116e+00,-4.999997060990e-02
6.985534463729e+00,-4.999997236555e-02
7.000000000000e+00,-4.999997365297e-02
7.018807909613e+00,-4.999997522688e-02
7.037615819226e+00,-4.999997670679e-02
7.056423728839e+00,-4.999997809832e-02
7.075231638453e+00,-4.999997940673e-02
7.094039548066e+00,-4.999998063700e-02
7.112847457679e+00,-4.999998179378e-02
7.131655367292e+00,-4.999998288148e-02
7.150463276905e+00,-4.999998390421e-02
7.169271186518e+00,-4.999998486585e-02
7.188079096132e+00,-4.999998577005e-02
7.206887005745e+00,-4.999998662024e-02
7.225694915358e+00,-4.999998741965e-02
7.244502824971e+00,-4.999998817131e-02
7.263310734584e+00,-4.999998887807e-02
7.282118644197e+00,-4.999998954261e-02
7.300926553810e+00,-4.999999016746e-02
7.319734463424e+00,-4.999999075498e-02
7.338542373037e+00,-4.999999130740e-02
7.357350282650e+00,-4.999999182682e-02
7.376158192263e+00,-4.999999231522e-02
7.394966101876e+00,-4.999999277444e-02
7.413774011489e+00,-4.999999320622e-02
7.432581921103e+00,-4.999999361221e-02
7.451389830716e+00,-4.999999399394e-02
7.470197740329e+00,-4.999999435287e-02
7.489005649942e+00,-4.999999469036e-02
7.507813559555e+00,-4.999999500768e-02
7.526621469168e+00,-4.999999530605e-02
7.545429378782e+00,-4.999999558658e-02
7.564237288395e+00,-4.999999585036e-02
7.583045198008e+00,-4.999999609838e-02
7.601853107621e+00,-4.999999633158e-02
7.620661017234e+00,-4.999999655084e-02
7.639468926847e+00,-4.999999675700e-02
7.658276836460e+00,-4.999999695085e-02
7.677084746074e+00,-4.999999713311e-02
7.695892655687e+00,-4.999999730448e-02
7.714700565300e+00,-4.999999746561e-02
7.733508474913e+00,-4.999999761711e-02
7.752316384526e+00,-4.999999775956e-02
7.771124294139e+00,-4.999999789350e-02
7.789932203753e+00,-4.999999801943e-02
7.808740113366e+00,-4.999999813783e-02
7.827548022979e+00,-4.999999824917e-02
7.846355932592e+00,-4.999999835384e-02
7.865163842205e+00,-4.999999845226e-02
7.883971751818e+00,-4.999999854480e-02
7.902779661431e+00,-4.999999863181e-02
7.921587571045e+00,-4.999999871362e-02
7.940395480658e+00,-4.999999879054e-02
7.959203390271e+00,-4.999999886286e-02
7.978011299884e+00,-4.999999893086e-02
7.989005649942e+00,-4.999999896918e-02
8.000000000000e+00,-4.999999900613e-02
8.018807909613e+00,-4.999999906557e-02
8.037615819226e+00,-4.999999912145e-02
8.056423728839e+00,-4.999999917399e-02
8.075231638453e+00,-4.999999922339e-02
8.094039548066e+00,-4.999999926984e-02
8.112847457679e+00,-4.999999931351e-02
8.131655367292e+00,-4.999999935457e-02
8.150463276905e+00,-4.999999939317e-02
8.169271186518e+00,-4.999999942947e-02
8.188079096132e+00,-4.999999946360e-02
8.206887005745e+00,-4.999999949569e-02
8.225694915358e+00,-4.999999952585e-02
8.244502824971e+00,-4.999999955422e-02
8.263310734584e+00,-4.999999958089e-02
8.282118644197e+00,-4.999999960596e-02
8.300926553810e+00,-4.999999962954e-02
8.319734463424e+00,-4.999999965170e-02
8.338542373037e+00,-4.999999967254e-02
8.357350282650e+00,-4.999999969214e-02
8.376158192263e+00,-4.999999971056e-02
8.394966101876e+00,-4.999999972788e-02
8.413774011489e+00,-4.999999974416e-02
8.432581921103e+00,-4.999999975947e-02
8.451389830716e+00,-4.999999977387e-02
8.470197740329e+00,-4.999999978740e-02
8.489005649942e+00,-4.999999980013e-02
8.507813559555e+00,-4.999999981209e-02
8.526621469168e+00,-4.999999982334e-02
8.545429378782e+00,-4.999999983391e-02
8.564237288395e+00,-4.999999984385e-02
8.583045198008e+00,-4.999999985320e-02
8.601853107621e+00,-4.999999986199e-02
8.620661017234e+00,-4.999999987025e-02
8.639468926847e+00,-4.999999987802e-02
8.658276836460e+00,-4.999999988533e-02
8.677084746074e+00,-4.999999989219e-02
8.695892655687e+00,-4.999999989865e-02
8.714700565300e+00,-4.999999990472e-02
8.733508474913e+00,-4.999999991042e-02
8.752316384526e+00,-4.999999991579e-02
8.771124294139e+00,-4.999999992083e-02
8.789932203753e+00,-4.999999992557e-02
8.808740113366e+00,-4.999999993003e-02
8.827548022979e+00,-4.999999993422e-02
8.846355932592e+00,-4.999999993816e-02
8.865163842205e+00,-4.999999994187e-02
8.883971751818e+00,-4.999999994535e-02
8.902779661431e+00,-4.999999994863e-02
8.921587571045e+00,-4.999999995170e-02
8.940395480658e+00,-4.999999995460e-02
8.959203390271e+00,-4.999999995732e-02
8.978011299884e+00,-4.999999995988e-02
8.989005649942e+00,-4.999999996132e-02
9.000000000000e+00,-4.999999996271e-02
9.018807909613e+00,-4.999999996494e-02
9.037615819226e+00,-4.999999996705e-02
9.056423728839e+00,-4.999999996902e-02
9.075231638453e+00,-4.999999997088e-02
9.094039548066e+00,-4.999999997262e-02
9.112847457679e+00,-4.999999997427e-02
9.131655367292e+00,-4.999999997581e-02
9.150463276905e+00,-4.999999997726e-02
9.169271186518e+00,-4.999999997862e-02
9.188079096132e+00,-4.999999997991e-02
9.206887005745e+00,-4.999999998111e-02
9.225694915358e+00,-4.999999998224e-02
9.244502824971e+00,-4.999999998331e-02
9.263310734584e+00,-4.999999998431e-02
9.282118644197e+00,-4.999999998525e-02
9.300926553810e+00,-4.999999998614e-02
9.319734463424e+00,-4.999999998697e-02
9.338542373037e+00,-4.999999998775e-02
9.357350282650e+00,-4.999999998849e-02
9.376158192263e+00,-4.999999998918e-02
9.394966101876e+00,-4.999999998983e-02
9.413774011489e+00,-4.999999999044e-02
9.432581921103e+00,-4.999999999101e-02
9.451389830716e+00,-4.999999999155e-02
9.470197740329e+00,-4.999999999206e-02
9.489005649942e+00,-4.999999999254e-02
9.507813559555e+00,-4.999999999299e-02
9.526621469168e+00,-4.999999999341e-02
9.545429378782e+00,-4.999999999380e-02
9.564237288395e+00,-4.999999999418e-02
9.583045198008e+00,-4.999999999453e-02
9.601853107621e+00,-4.999999999486e-02
9.620661017234e+00,-4.999999999516e-02
9.639468926847e+00,-4.999999999546e-02
9.658276836460e+00,-4.999999999573e-02
9.677084746074e+00,-4.999999999599e-02
9.695892655687e+00,-4.999999999623e-02
9.714700565300e+00,-4.999999999645e-02
9.733508474913e+00,-4.999999999667e-02
9.752316384526e+00,-4.999999999687e-02
9.771124294139e+00,-4.999999999706e-02
9.789932203753e+00,-4.999999999723e-02
9.808740113366e+00,-4.999999999740e-02
9.827548022979e+00,-4.999999999756e-02
9.846355932592e+00,-4.999999999770e-02
9.865163842205e+00,-4.999999999784e-02
9.883971751818e+00,-4.999999999797e-02
9.902779661431e+00,-4.999999999810e-02
9.921587571045e+00,-4.999999999821e-02
9.940395480658e+00,-4.999999999832e-02
9.959203390271e+00,-4.999999999842e-02
9.978011299884e+00,-4.999999999851e-02
9.989005649942e+00,-4.999999999857e-02
1.000000000000e+01,-4.999999999862e-02
